
2,2,2,2,2,2,2,2,2,1,1,1,1,1,1,1,1,2
2,8,8,5,8,2,5,2,1,1,1,1,1,1,1,1,2,5
2,3,8,2,3,6,2,5,5,1,1,1,1,1,1,1,1,2
6,6,6,2,6,6,2,5,2,2,1,1,1,1,1,1,1,5
2,2,2,2,2,6,3,5,2,1,1,1,1,1,1,1,8,5
5,5,2,2,2,2,2,2,2,1,1,1,1,1,1,1,1,5
2,2,6,2,6,2,8,5,2,1,1,1,8,8,1,1,1,5
8,8,2,6,6,2,1,5,2,1,1,1,1,1,1,1,8,5
2,2,2,2,2,2,2,2,2,5,5,5,5,1,1,1,1,1
2,5,5,5,5,5,5,5,2,1,1,5,1,1,5,5,5,5
2,2,2,1,2,2,3,5,5,5,1,1,1,1,1,8,5,5
5,2,5,5,2,2,8,5,5,1,1,1,1,1,1,1,5,5
2,2,2,2,2,2,2,2,1,1,1,1,1,1,1,1,1,1
2,6,2,2,6,6,2,2,1,1,1,1,1,1,1,1,8,2
2,6,6,2,2,2,2,5,2,1,1,1,1,1,1,1,1,5
2,2,2,2,2,2,2,2,2,1,1,1,1,1,1,1,8,2
2,6,8,5,6,2,2,5,5,1,1,1,1,1,1,1,5,5
2,2,2,2,2,2,5,2,2,1,1,1,1,1,1,1,8,5
2,2,4,2,2,2,2,2,2,1,1,1,1,1,1,1,8,2
2,2,2,5,2,2,1,5,2,1,1,1,1,1,1,1,8,5
2,2,2,2,2,2,2,2,2,1,1,1,1,1,1,1,8,2
2,8,4,5,2,2,4,5,2,1,1,1,1,1,1,1,8,8
2,2,2,1,2,2,2,5,5,1,1,1,1,1,1,1,8,5
2,2,2,5,2,2,2,2,2,1,1,1,1,1,1,1,8,5
7,6,8,3,6,2,8,2,8,1,1,1,1,1,1,1,8,5
2,2,2,2,6,2,2,5,1,1,1,1,1,1,1,1,2,2
2,2,5,2,2,2,5,2,2,1,1,1,1,1,1,1,8,5
2,2,5,2,2,2,5,2,2,1,1,1,1,1,1,1,8,2
2,2,2,2,2,2,2,5,5,1,1,1,1,1,1,1,8,5
2,5,8,2,2,2,5,5,5,1,1,1,1,1,1,1,8,8
5,8,8,5,2,8,8,8,1,1,1,1,1,1,1,1,8,5
2,8,8,1,2,5,8,5,8,1,1,1,1,1,1,1,8,5
2,6,6,2,6,2,8,5,2,1,1,1,1,1,1,1,8,5
2,4,4,2,2,2,2,2,2,1,1,1,1,1,1,1,8,2
2,4,2,2,2,2,4,2,2,1,1,1,1,1,1,1,8,2
2,2,2,2,2,2,2,2,2,1,1,1,1,1,1,1,8,5
6,6,2,2,6,6,2,5,2,1,1,1,1,1,1,1,8,5
2,5,5,2,2,2,5,5,5,1,1,1,1,1,1,1,8,5
2,2,2,2,2,2,2,2,2,1,1,1,1,1,1,1,8,5
___________________________________